function k=kzirc(Temp)

k=12.767-(5.4348e-4*(Temp+273.15))+(8.9818e-6*(Temp+273.15)^2); %W/m.K
end